900 Cost:  0.0015604036
Prediction:
 [[0.15001985]
 [0.27830055]
 [0.23941171]
 [0.44105542]
 [0.1467965 ]
 [0.3798502 ]
 [0.29241166]
 [0.26670656]
 [0.22697218]
 [0.30189183]
 [0.33868968]
 [0.2916116 ]
 [0.30717215]
 [0.2737303 ]
 [0.32220897]
 [0.1772511 ]
 [0.30983487]
 [0.1674751 ]
 [0.39540988]
 [0.3534598 ]
 [0.25772643]
 [0.32135844]
 [0.2422786 ]
 [0.23647404]
 [0.3262096 ]
 [0.30573043]
 [0.22810104]
 [0.36627832]
 [0.20252547]
 [0.1677437 ]
 [0.42532974]
 [0.26323202]
 [0.26470566]
 [0.44736633]
 [0.40664488]
 [0.3476396 ]
 [0.35348016]
 [0.34691048]
 [0.353653  ]
 [0.24642548]
 [0.28672934]
 [0.28899226]
 [0.41434518]
 [0.36519346]
 [0.34959608]
 [0.32055423]
 [0.18395162]
 [0.34828913]
 [0.32045385]
 [0.22708872]
 [0.24715972]
 [0.26237366]
 [0.25800782]
 [0.30510834]
 [0.40402445]
 [0.26598686]
 [0.43761408]
 [0.24217542]
 [0.28293073]
 [0.16626312]
 [0.32528406]
 [0.26713338]
 [0.283565  ]
 [0.24992576]
 [0.14789103]
 [0.26567915]
 [0.42193836]
 [0.27453157]
 [0.30695793]
 [0.4559452 ]
 [0.17824969]
 [0.3678735 ]
 [0.40025252]
 [0.29819703]
 [0.46007636]
 [0.423543  ]
 [0.26711935]
 [0.3046904 ]
 [0.19560556]
 [0.3324621 ]
 [0.20716545]
 [0.42513096]
 [0.25994274]
 [0.35402593]
 [0.3530808 ]
 [0.4175617 ]
 [0.35679245]
 [0.3331305 ]
 [0.4061522 ]
 [0.15122019]
 [0.31579047]
 [0.29016224]
 [0.18838184]
 [0.27905852]
 [0.24672648]
 [0.24646145]
 [0.19515963]
 [0.34438658]
 [0.20036076]
 [0.3737097 ]
 [0.41268373]
 [0.36228493]
 [0.24077338]
 [0.2963237 ]
 [0.29930198]
 [0.36527035]
 [0.24409956]
 [0.48110476]
 [0.2573336 ]
 [0.2441446 ]
 [0.29864866]
 [0.24737877]
 [0.3120559 ]
 [0.19453447]
 [0.33637556]
 [0.33962953]
 [0.24738637]
 [0.38454425]
 [0.28803566]
 [0.26224813]
 [0.38611114]
 [0.32298803]
 [0.41043818]
 [0.3423713 ]
 [0.27271295]
 [0.16319296]
 [0.31470454]
 [0.24083412]
 [0.5060351 ]
 [0.16779777]
 [0.2407852 ]
 [0.2930976 ]
 [0.4470587 ]
 [0.5025928 ]
 [0.43774557]
 [0.18802741]
 [0.44590926]
 [0.26150906]
 [0.26929644]
 [0.29039308]
 [0.33922213]
 [0.18941563]
 [0.33225355]
 [0.21331732]
 [0.14672968]
 [0.19569853]
 [0.36046878]
 [0.09133174]
 [0.31868362]
 [0.40623257]
 [0.24565782]
 [0.36929646]
 [0.24344885]
 [0.24902883]
 [0.2419838 ]
 [0.3920201 ]
 [0.42365658]
 [0.3779726 ]
 [0.27157912]
 [0.36945754]
 [0.26599577]
 [0.18557632]
 [0.3303628 ]
 [0.32319334]
 [0.24836034]
 [0.31410462]
 [0.28173208]
 [0.33631313]
 [0.41359094]
 [0.26560548]
 [0.2139323 ]
 [0.35793415]
 [0.2757606 ]
 [0.2701539 ]
 [0.18523502]
 [0.22222206]
 [0.37572253]
 [0.39007732]
 [0.3489289 ]
 [0.36208984]
 [0.34204984]
 [0.30871752]
 [0.2822708 ]
 [0.33599994]
 [0.14039686]
 [0.22147955]
 [0.3095993 ]
 [0.45619407]
 [0.31465134]
 [0.26542872]
 [0.31834862]
 [0.39230472]
 [0.25533265]
 [0.29637727]
 [0.19739842]
 [0.49479932]
 [0.39944395]
 [0.30683485]
 [0.33543843]
 [0.25066003]
 [0.20546447]
 [0.31820688]
 [0.36042494]
 [0.22687125]
 [0.27185586]
 [0.2975675 ]
 [0.32270756]
 [0.23429126]
 [0.3119608 ]
 [0.2304464 ]
 [0.33313617]
 [0.3315698 ]
 [0.4864755 ]
 [0.45648107]
 [0.26582703]
 [0.17319334]
 [0.31261754]
 [0.41902855]
 [0.2988571 ]
 [0.31607383]
 [0.3965645 ]
 [0.36099285]
 [0.35500222]
 [0.29945552]
 [0.30128202]
 [0.30975866]
 [0.14968541]
 [0.11197944]
 [0.36259735]
 [0.2962953 ]
 [0.2531762 ]
 [0.2811117 ]
 [0.29367623]
 [0.30417952]
 [0.33016652]
 [0.27836484]
 [0.27674508]
 [0.12816308]
 [0.4582219 ]
 [0.30499113]
 [0.3200048 ]
 [0.20140043]
 [0.28566724]
 [0.28281552]
 [0.15405503]
 [0.2594723 ]
 [0.11624478]
 [0.33236572]
 [0.22733952]
 [0.29681468]
 [0.28312853]
 [0.28392792]
 [0.36258167]
 [0.2493605 ]
 [0.24146584]
 [0.30929527]
 [0.25055075]
 [0.24159285]
 [0.23104817]
 [0.24711022]
 [0.3556178 ]
 [0.36468297]
 [0.33987072]
 [0.235151  ]
 [0.37196636]
 [0.42884642]
 [0.25804844]
 [0.28162983]
 [0.16070016]
 [0.3205878 ]
 [0.31416038]
 [0.21695885]
 [0.33484125]
 [0.26705605]
 [0.34228343]
 [0.19406566]
 [0.30005345]
 [0.3426828 ]
 [0.3023854 ]
 [0.37528014]
 [0.31353512]
 [0.29575586]
 [0.27954474]
 [0.2953026 ]
 [0.20624036]
 [0.2929909 ]
 [0.255922  ]
 [0.24517936]
 [0.2967435 ]
 [0.3149528 ]
 [0.33554155]
 [0.28905934]
 [0.35810256]
 [0.28550622]
 [0.24065055]
 [0.31100297]
 [0.28875569]
 [0.30169755]
 [0.38700163]
 [0.3794125 ]
 [0.36223254]
 [0.18647644]
 [0.3383125 ]
 [0.38632935]
 [0.21211003]
 [0.4002692 ]
 [0.28929123]
 [0.2397781 ]
 [0.22345263]
 [0.322816  ]
 [0.2602694 ]
 [0.28787798]
 [0.46767414]
 [0.46461356]
 [0.23423184]
 [0.19453427]
 [0.20547116]
 [0.22345367]
 [0.22974925]
 [0.19447692]
 [0.28408635]
 [0.1906758 ]
 [0.3890597 ]
 [0.4066008 ]
 [0.2959915 ]
 [0.38094777]
 [0.29635245]
 [0.4462096 ]
 [0.20346281]
 [0.24628644]
 [0.26186174]
 [0.26304704]
 [0.4014285 ]
 [0.24988765]
 [0.32849503]
 [0.2616302 ]
 [0.18946153]
 [0.27274895]
 [0.28281656]
 [0.25854653]
 [0.3262068 ]
 [0.32767352]
 [0.29305974]
 [0.32255104]
 [0.46321684]
 [0.21377236]
 [0.15572478]
 [0.38623345]
 [0.25151008]
 [0.21194533]
 [0.35387668]
 [0.2137402 ]
 [0.3747063 ]
 [0.46802726]
 [0.21563306]
 [0.2694712 ]
 [0.24305557]
 [0.3559042 ]
 [0.37624794]
 [0.3070603 ]
 [0.32934645]
 [0.35959747]
 [0.2677426 ]
 [0.24762198]
 [0.1635671 ]
 [0.14659043]
 [0.32044253]
 [0.21240902]
 [0.30329257]
 [0.19458717]
 [0.16072468]
 [0.3431408 ]
 [0.3487538 ]
 [0.44096977]
 [0.23807034]
 [0.27448216]
 [0.08822656]
 [0.25579703]
 [0.11939794]
 [0.3885326 ]
 [0.3803587 ]
 [0.35925326]
 [0.19222197]
 [0.18470779]
 [0.16441861]
 [0.32561746]
 [0.2645556 ]
 [0.36115098]
 [0.35830116]
 [0.3122825 ]
 [0.348012  ]
 [0.22998235]
 [0.3005645 ]
 [0.26194298]
 [0.17408569]
 [0.3805204 ]
 [0.2760864 ]
 [0.33669955]
 [0.27890852]
 [0.25202572]
 [0.27912363]
 [0.30439302]
 [0.3083056 ]
 [0.4257961 ]
 [0.27501988]
 [0.2662253 ]
 [0.25158226]
 [0.4413287 ]
 [0.34058577]
 [0.34941462]
 [0.34667218]
 [0.436898  ]
 [0.34125245]
 [0.19914487]
 [0.33105078]
 [0.39001563]
 [0.32261565]
 [0.23419443]
 [0.28866833]
 [0.2286763 ]
 [0.3250716 ]
 [0.2553481 ]
 [0.26354578]
 [0.22822557]
 [0.31009284]
 [0.30375725]
 [0.30501878]
 [0.306801  ]
 [0.21264935]
 [0.35512027]
 [0.38011944]
 [0.3455674 ]
 [0.38819557]
 [0.47432193]
 [0.23793656]
 [0.24952169]
 [0.24305692]
 [0.5141181 ]
 [0.3471494 ]
 [0.29396862]
 [0.35467184]
 [0.28846568]
 [0.40180779]
 [0.27890402]
 [0.32302493]
 [0.2451852 ]
 [0.26772118]
 [0.39604086]
 [0.37501565]
 [0.48442966]
 [0.4200176 ]
 [0.31651777]
 [0.2270056 ]
 [0.34115753]
 [0.2536258 ]
 [0.2314041 ]
 [0.33628702]
 [0.41068912]
 [0.43969223]
 [0.4429829 ]
 [0.45289537]
 [0.19510262]
 [0.17928407]
 [0.2444559 ]
 [0.2360698 ]
 [0.39249542]
 [0.3935898 ]
 [0.23485531]
 [0.40050238]
 [0.36392197]
 [0.3374432 ]
 [0.43721306]
 [0.35296905]
 [0.3015305 ]
 [0.2686674 ]
 [0.2601137 ]
 [0.30906048]
 [0.22181678]
 [0.37168378]
 [0.49768767]
 [0.3180642 ]
 [0.35654142]
 [0.32603836]
 [0.44994998]
 [0.3880341 ]
 [0.19931507]
 [0.2360137 ]
 [0.19420919]
 [0.22284701]
 [0.31792822]
 [0.26543963]
 [0.34293395]
 [0.36692852]
 [0.4832657 ]
 [0.1337933 ]
 [0.34104478]
 [0.31411287]
 [0.30343938]
 [0.3064399 ]
 [0.20429862]
 [0.25069153]
 [0.28217906]
 [0.21471857]
 [0.22738802]
 [0.187729  ]
 [0.3401682 ]
 [0.24475907]
 [0.20865834]
 [0.27807775]
 [0.26074046]
 [0.27434573]
 [0.34339255]
 [0.2975073 ]
 [0.42239618]
 [0.26786128]
 [0.41849446]
 [0.16894531]
 [0.30987462]
 [0.38430905]
 [0.16989495]
 [0.3464626 ]
 [0.3950218 ]
 [0.31576446]
 [0.18734433]
 [0.41478422]
 [0.30338693]
 [0.38509768]
 [0.40832964]
 [0.296074  ]
 [0.3555811 ]
 [0.29816508]
 [0.566712  ]
 [0.33924627]
 [0.38611132]
 [0.26332068]
 [0.15908904]
 [0.2507117 ]
 [0.25801587]
 [0.3915191 ]
 [0.2689945 ]
 [0.21550813]
 [0.3198795 ]
 [0.32225665]
 [0.35973948]
 [0.35882476]
 [0.29708982]
 [0.24263278]
 [0.245037  ]
 [0.05604404]
 [0.3431544 ]
 [0.39409018]
 [0.3036576 ]
 [0.26048028]
 [0.2110851 ]
 [0.2658033 ]
 [0.1459823 ]
 [0.248034  ]
 [0.2914148 ]
 [0.36856192]
 [0.24098746]
 [0.35538274]
 [0.2352164 ]
 [0.32057017]
 [0.20889394]
 [0.3811351 ]
 [0.41183972]
 [0.2105501 ]
 [0.36189488]
 [0.24192172]
 [0.26753348]
 [0.2787778 ]
 [0.3712489 ]
 [0.28528512]
 [0.4093202 ]
 [0.20540118]
 [0.31029913]
 [0.23852839]
 [0.38044018]
 [0.3273358 ]
 [0.22822979]
 [0.34028196]
 [0.3307581 ]
 [0.27218992]
 [0.36051336]
 [0.37346596]
 [0.2633531 ]
 [0.32911125]
 [0.35246545]
 [0.24386281]
 [0.24642025]
 [0.326242  ]
 [0.16815796]
 [0.20069377]
 [0.143965  ]
 [0.24279132]
 [0.2330702 ]
 [0.40274185]
 [0.41707775]
 [0.32745034]
 [0.24974832]
 [0.22553085]
 [0.2714346 ]
 [0.3107172 ]
 [0.2654102 ]
 [0.31533355]
 [0.38094538]
 [0.43567732]
 [0.28080738]
 [0.39663744]
 [0.29778174]
 [0.23611173]
 [0.11356699]
 [0.24890032]
 [0.30371875]
 [0.42275757]
 [0.27571416]
 [0.28726175]
 [0.29459146]
 [0.34586883]
 [0.19150452]
 [0.2934769 ]
 [0.33846006]
 [0.3485136 ]
 [0.21590495]
 [0.2851444 ]
 [0.27717492]
 [0.23697221]
 [0.26697972]
 [0.32858548]
 [0.2679752 ]
 [0.29393712]
 [0.32704666]
 [0.3822428 ]
 [0.28742608]
 [0.2926999 ]
 [0.14816685]
 [0.27173632]
 [0.39167356]
 [0.22782114]
 [0.4107836 ]
 [0.35852602]
 [0.16629414]
 [0.27704147]
 [0.34261063]
 [0.38654155]
 [0.25217152]
 [0.36536577]
 [0.31832063]
 [0.44267437]
 [0.33935654]
 [0.288003  ]
 [0.28214517]
 [0.44543156]
 [0.1272717 ]
 [0.2280677 ]
 [0.18000579]
 [0.4513564 ]
 [0.40445158]
 [0.2783998 ]
 [0.3612643 ]
 [0.3751517 ]
 [0.14264387]
 [0.32570666]
 [0.36837232]
 [0.21391502]
 [0.18889558]
 [0.21736646]
 [0.3979599 ]
 [0.37046224]
 [0.32698238]
 [0.43699723]
 [0.3894203 ]
 [0.16545507]
 [0.2430321 ]
 [0.32539374]
 [0.32954597]
 [0.2499061 ]
 [0.38383177]
 [0.3312974 ]
 [0.32161248]
 [0.40674335]
 [0.41276842]
 [0.43811095]
 [0.3728079 ]
 [0.1598418 ]
 [0.28333595]
 [0.2732277 ]
 [0.20455563]
 [0.3983869 ]
 [0.26120043]
 [0.37065387]
 [0.28275394]
 [0.48089352]
 [0.3332083 ]
 [0.22733219]
 [0.37993985]
 [0.27254966]
 [0.2574044 ]
 [0.36080414]
 [0.400958  ]
 [0.30293018]
 [0.24589142]
 [0.2770102 ]
 [0.28399733]
 [0.25668958]
 [0.25856188]
 [0.2222985 ]
 [0.27175295]
 [0.30637974]
 [0.29568398]
 [0.18838713]
 [0.35872257]
 [0.36413813]
 [0.3294551 ]
 [0.35249636]
 [0.33334002]
 [0.40257737]
 [0.16211359]
 [0.29554507]
 [0.37050122]
 [0.31528914]
 [0.5070636 ]
 [0.40778935]
 [0.27846107]
 [0.38800672]
 [0.24038422]
 [0.3428219 ]
 [0.06127152]
 [0.44928914]
 [0.37199715]
 [0.2747942 ]
 [0.37184182]
 [0.17715219]
 [0.25661385]
 [0.2543926 ]
 [0.36391154]
 [0.27072614]
 [0.29359004]
 [0.3236558 ]
 [0.3314489 ]
 [0.25406706]
 [0.44636846]
 [0.256474  ]
 [0.3102349 ]
 [0.384508  ]
 [0.24338834]
 [0.31324115]
 [0.2504793 ]
 [0.35138753]
 [0.37068856]
 [0.1747368 ]
 [0.42661142]
 [0.25867146]
 [0.32634905]
 [0.29225373]
 [0.3748036 ]
 [0.16243285]
 [0.3306008 ]
 [0.4645725 ]
 [0.30827847]
 [0.2247001 ]
 [0.28465885]
 [0.36093903]
 [0.17730415]
 [0.27051863]
 [0.38315016]
 [0.17269745]
 [0.38223034]
 [0.5126656 ]
 [0.38904062]
 [0.29662034]
 [0.4172185 ]
 [0.24928793]
 [0.15753505]
 [0.36462936]
 [0.2309582 ]
 [0.28845945]
 [0.1663791 ]
 [0.2761751 ]
 [0.39032805]
 [0.28506273]
 [0.36173695]
 [0.2812912 ]
 [0.27047542]
 [0.3173748 ]
 [0.1821576 ]
 [0.27389026]
 [0.24178441]
 [0.35302398]
 [0.39416593]
 [0.3550374 ]
 [0.39590597]
 [0.23950988]
 [0.2302775 ]
 [0.47448373]
 [0.3170868 ]
 [0.3360321 ]
 [0.22692487]
 [0.32027146]
 [0.32978466]
 [0.3808123 ]
 [0.20255679]
 [0.29804114]
 [0.5003369 ]
 [0.34014758]
 [0.34583247]
 [0.31136551]
 [0.33411485]
 [0.44624645]
 [0.10898575]
 [0.23041523]
 [0.28449005]
 [0.32161546]
 [0.44577086]
 [0.1991866 ]
 [0.10391451]
 [0.14110896]
 [0.21898398]
 [0.29002163]
 [0.2050328 ]
 [0.46534437]
 [0.30054098]
 [0.2811629 ]
 [0.39309403]
 [0.46729004]
 [0.32096264]
 [0.21422125]
 [0.3446302 ]
 [0.39507148]
 [0.2572976 ]
 [0.3169683 ]
 [0.18340588]
 [0.40151232]
 [0.4252429 ]
 [0.35635468]
 [0.33051857]
 [0.2776425 ]
 [0.35908857]
 [0.46884656]
 [0.29253325]
 [0.33597958]
 [0.3748391 ]
 [0.3320834 ]
 [0.34589478]
 [0.38789922]
 [0.38016298]
 [0.1355752 ]
 [0.28687334]
 [0.37720317]
 [0.3660643 ]
 [0.389579  ]
 [0.32959634]
 [0.33478573]
 [0.24869081]
 [0.23176512]
 [0.37460285]
 [0.2608303 ]
 [0.2969101 ]
 [0.35820815]
 [0.3490397 ]
 [0.0348511 ]
 [0.18610202]
 [0.22052518]
 [0.32532036]
 [0.4419852 ]
 [0.3808843 ]
 [0.25008386]
 [0.22901963]
 [0.40308   ]
 [0.32045454]
 [0.2021738 ]
 [0.33781418]
 [0.3126839 ]
 [0.37536404]
 [0.16282028]
 [0.3356616 ]
 [0.4043523 ]
 [0.26204872]
 [0.2618569 ]
 [0.23624715]
 [0.24981228]
 [0.2811527 ]
 [0.2762274 ]
 [0.26436144]
 [0.4192126 ]
 [0.26150006]
 [0.23872888]
 [0.18750487]
 [0.2978935 ]
 [0.45577604]
 [0.22254923]
 [0.28248605]
 [0.23736851]
 [0.29096204]
 [0.4160574 ]
 [0.31359982]
 [0.23656282]
 [0.3664995 ]
 [0.35828194]
 [0.27732664]
 [0.3095312 ]
 [0.3157015 ]
 [0.29659247]
 [0.17456806]
 [0.24068743]
 [0.28665242]
 [0.3119134 ]
 [0.3628222 ]
 [0.33056405]
 [0.2667641 ]
 [0.2654751 ]
 [0.23896298]
 [0.23243275]
 [0.37656868]
 [0.13378619]
 [0.32775015]
 [0.36264744]
 [0.27688587]
 [0.4175435 ]
 [0.24232492]
 [0.30935082]
 [0.3131239 ]
 [0.20572093]
 [0.32716504]
 [0.37738743]
 [0.20174263]
 [0.30851042]
 [0.32250142]
 [0.23261794]
 [0.24625246]
 [0.3364236 ]
 [0.27582243]
 [0.34868044]
 [0.29985717]
 [0.25362659]
 [0.2468372 ]
 [0.42910978]
 [0.20505191]
 [0.2459206 ]
 [0.32437888]
 [0.3621226 ]
 [0.2957909 ]
 [0.21042159]
 [0.22684295]
 [0.18251947]
 [0.31425267]
 [0.21353555]
 [0.30828965]
 [0.22176455]
 [0.36633214]
 [0.29570815]
 [0.23489809]
 [0.12824549]
 [0.3636858 ]
 [0.34374702]
 [0.21886183]
 [0.251764  ]
 [0.3153697 ]
 [0.17759492]
 [0.34353223]
 [0.3182833 ]
 [0.34498224]
 [0.23130508]
 [0.38299936]
 [0.4157561 ]
 [0.3442092 ]
 [0.35434386]
 [0.34194723]
 [0.27616188]
 [0.42501354]
 [0.30908322]
 [0.38525617]
 [0.32184273]
 [0.34540108]
 [0.30462965]
 [0.28577653]
 [0.28613144]
 [0.30671817]
 [0.42664886]
 [0.47488058]
 [0.2009781 ]
 [0.18668321]
 [0.33541688]
 [0.35500744]
 [0.40768087]
 [0.21010503]
 [0.3922441 ]
 [0.21980411]
 [0.22766146]
 [0.26784256]
 [0.22186488]
 [0.25024915]
 [0.3288606 ]
 [0.35334086]
 [0.39652973]
 [0.28401762]
 [0.28456357]
 [0.2770326 ]
 [0.33579248]
 [0.24457158]]
